10000
6087 8168
2549 7629
9670 8975
8876 7129
2304 9802
1641 2403
4727 762
8518 1445
7816 7281
8116 6552
4007 8146
2059 2608
9227 3052
5488 4725
1596 6909
7727 3731
720 9805
7549 7903
1195 7179
1990 6107
3033 3859
1387 7093
9288 7445
2116 1742
8281 3491
8944 563
9275 9176
7773 5575
1639 4712
5358 371
9555 2663
7710 2515
554 8348
1665 80
9958 7159
5851 9442
69 7221
3061 8946
3472 5986
2312 648
5118 5634
6268 9991
1079 9539
5039 1466
6730 7381
2365 517
7310 8349
742 9266
442 5684
8417 9340
3837 7496
9249 1102
304 7433
2892 3740
9102 3921
6986 8135
2997 441
9478 1898
2331 6175
2551 4465
9492 1748
5419 9337
6336 301
2893 4895
1116 7901
708 1883
6482 52
1276 5151
2271 8409
7537 1686
7655 2098
8439 2089
7906 6415
5170 2763
2020 7841
9470 4697
700 4206
3072 3768
9545 5289
7172 2577
463 5227
8951 8467
7779 7111
1130 5763
3430 4814
6958 5791
5792 1428
7121 5602
8925 6522
2010 4100
2372 5682
1103 738
476 1404
8084 1553
396 5579
7160 810
240 1593
9592 4638
3063 1352
8175 9968
8260 7713
8966 287
952 2036
5293 9754
2047 5835
4555 899
4903 6903
3452 9487
1855 4631
9556 1051
1055 6959
1525 8765
7112 9164
3713 9061
2658 7545
475 9846
7072 6974
4584 3660
4119 7188
2821 6243
8776 6432
6196 481
6837 5404
9120 6863
188 7434
343 6857
3613 6272
9151 6377
5253 8295
1036 8791
3481 4236
8550 2378
1854 6146
9066 2050
5294 4696
7338 1985
3849 5489
5887 3289
9530 3447
6033 5111
1260 6638
5477 7150
574 7238
5550 3979
5911 4133
3507 312
3648 1739
1178 9602
187 2885
2196 1091
7309 3385
4586 3832
3407 1266
7772 6636
391 7979
7290 4441
5582 8804
804 5699
2648 3599
3148 6446
664 5541
7835 4824
8264 1496
4364 7060
7932 3066
5778 8548
8446 9552
1192 4019
3350 1381
4646 344
8709 576
5845 4542
1072 4722
6882 1799
6030 8708
5284 445
2860 8655
1067 7373
4435 7079
2032 2933
3332 511
8788 8686
8952 6410
9818 9462
6202 784
5403 6544
3211 5340
6716 8539
8942 1326
4996 9199
9517 3089
3894 2935
9906 1559
400 173
2597 6353
8047 5688
6602 7964
1315 6737
5385 1188
3463 9278
4843 381
4581 4405
634 2096
967 7856
1004 7625
8601 281
2686 692
9372 5557
7 8793
7503 2900
5379 7938
4026 2315
8785 3524
5383 6397
6051 2394
4264 9380
450 8992
3689 3283
1224 9949
3717 6434
2107 8078
5721 8563
2862 383
3152 3944
305 4131
2755 6917
4055 5409
5180 6782
1886 4866
4333 1618
1446 5888
4427 8398
3604 3536
3839 7890
904 1479
5643 1986
6135 3459
2818 3311
4640 6116
1221 8943
6229 7509
7452 611
3053 8565
9240 9472
9910 6472
8022 1762
4530 4231
315 6926
1757 2536
7709 8902
4103 5071
6676 8032
1201 9783
8081 6548
9835 6077
1288 9146
7647 9002
1226 4388
7646 6255
3414 3019
2017 1664
6575 7385
971 4869
6454 9190
406 8991
794 6767
7533 5744
2720 9302
7227 1128
8096 3863
1256 585
9425 1743
2631 9018
3443 506
5069 6592
5910 6984
5598 3595
9933 7796
8917 8663
3901 1972
5345 968
5878 5781
425 8181
9605 8378
2822 3715
3987 6040
850 1828
5085 2562
3205 629
9700 727
6941 4466
2308 4400
7781 6891
94 8191
1448 9978
6601 8575
2829 5625
7638 1947
8365 7675
6365 1044
5898 3963
8370 2255
7718 6117
4988 6062
6316 73
1786 8885
894 211
7451 3836
7326 7378
9386 3448
4838 919
5972 164
3336 1493
3493 9912
2873 5259
2054 5824
389 2225
1752 6176
1393 814
8843 4729
770 8291
53 6180
4619 2484
2957 1635
7063 1084
9233 3826
8332 154
9272 2827
5593 2778
3898 98
7016 3137
9247 1819
4554 5736
9 5279
4864 8526
7275 7959
5058 818
2318 4300
4224 7633
9203 6579
8329 1021
5952 2706
3293 2756
7410 2616
787 748
8102 9284
5256 399
3542 1313
5742 8938
3699 2914
1261 288
2523 2322
5322 8158
1995 6553
7480 4656
9880 9154
1473 9935
1362 4549
5802 7706
7492 662
4185 9945
2684 8714
6282 2805
6085 789
8914 8935
8945 2906
6362 7165
6539 8274
4974 1581
7409 3589
1613 1915
1594 9064
1494 8815
4279 1569
9105 7928
8592 8859
7395 3285
5822 8481
8591 6060
490 5971
4242 3619
9521 2272
1725 2716
9212 4949
5024 7189
6165 8701
2877 3195
9051 6301
1887 8626
1905 5132
6921 4413
217 7697
5994 4160
7852 3075
3941 6760
4197 2356
4034 6323
906 8980
1094 992
7536 9923
3055 8234
5260 6685
5797 7145
5192 6053
4925 4589
912 5272
8580 2425
370 109
1693 5070
2288 6150
2216 2171
4518 2612
5073 7982
6713 8165
2703 790
8454 6867
7788 9440
691 2592
8394 782
8602 8372
6140 5286
9332 3939
2454 5422
4248 452
4164 6762
9271 3651
5168 8496
8156 3085
4260 5363
3485 9114
7574 741
4005 7380
3567 3417
1052 2128
8872 421
1700 1917
8400 5267
8978 4
3027 9489
2086 7775
5012 1040
9354 6981
7688 6216
4770 9256
5642 3267
2878 2656
2080 2025
9108 264
3620 7475
1263 6074
1820 8842
6980 6622
3264 8128
6661 1858
1717 7135
4900 5942
4953 2063
5571 537
124 5837
822 6771
4115 1367
361 3212
2401 7981
8379 2585
1248 6091
2492 4642
5229 9113
7037 8522
5304 3437
8619 9242
6429 4352
9265 2129
6872 8834
4308 9006
3483 1002
5204 1703
5306 7994
9495 373
415 2462
5794 7366
3140 8534
5373 7220
8537 8897
4644 1658
4025 7081
9376 1863
5332 6320
8347 9702
7302 3440
7435 4592
1209 6178
4000 9762
3621 6143
8906 5660
3214 2442
9788 7043
9977 6957
9454 7567
9420 7866
7879 5520
74 5747
6401 6651
1952 5743
4310 6378
4954 5331
2127 5573
7948 125
1210 3555
7420 4174
981 9393
9138 1047
9973 4868
5907 7884
1570 5934
7749 2022
530 9803
8993 9253
4669 6996
3741 6883
8599 6122
6148 797
7218 2962
9356 7393
5278 4538
1183 7099
8162 7404
6740 182
9010 6526
9841 5413
4381 8648
9842 8247
5580 549
3937 9068
150 368
8950 4203
4760 9870
7540 9355
7288 1667
9683 1647
141 4894
3805 7795
8299 3765
5769 1815
8292 5858
8594 3877
7402 7050
2335 5273
6167 9878
5123 6460
6659 2282
4478 9985
8318 607
9205 1307
7523 323
7529 6954
9800 7747
9344 6163
9981 8099
9614 2642
2329 2902
5291 6488
7372 9333
2132 5553
2908 1881
4572 8079
4978 259
7562 2353
2501 4432
1527 6262
8732 711
7935 7167
5108 7294
1395 8425
5570 7033
4718 2377
7559 222
7790 1529
3818 6870
9533 4784
675 409
667 6448
2139 2459
6424 5622
1090 2408
102 2493
839 7400
9587 9772
352 499
2794 3031
6656 768
883 8179
1355 3200
252 4752
4807 7002
8677 7569
5163 7415
9911 2428
712 4830
465 7457
656 6657
375 440
5672 7999
2434 757
2895 7605
747 9092
2605 7900
7953 9689
3277 1616
8028 4922
7104 3919
6244 3192
7029 897
9015 10
4606 2975
2764 2752
8327 7800
9107 483
5100 3118
8721 3815
9200 7767
5816 8502
7909 5460
2537 3825
6687 6720
5597 9206
5913 9792
5588 3263
7429 5936
484 2223
3484 6551
3752 6600
6387 7102
2807 4917
1022 7323
3899 2332
5525 528
6982 7753
5683 138
4194 7091
2848 8339
4723 5176
4968 7952
9526 5801
5795 2849
209 365
5234 8161
754 9493
3981 1948
5996 3743
2011 2340
6536 1997
4341 1825
7269 8821
116 197
6313 4127
5973 5623
4661 5178
3858 1400
9498 5872
7811 1187
8561 6159
4299 79
1870 8693
3116 3143
702 7175
6383 6155
1698 772
1426 2069
6458 2284
9574 6227
2266 833
7462 1832
8803 900
7008 9820
7505 4639
2491 2719
6997 3334
9185 8569
5021 9627
1810 7694
3976 8928
6673 3111
6606 1165
9057 457
9638 9931
1329 5136
1442 6303
7448 3737
8605 3616
7054 6470
2709 6219
6694 7657
1062 7817
2615 9856
3495 5712
2208 225
4275 6459
2169 7983
3681 6447
7066 4158
3779 1839
8513 8757
1497 8416
6345 2374
404 2469
9486 4756
4529 1410
273 4397
8818 4456
5523 9464
808 7824
1106 1737
7510 9897
7750 1500
7715 5889
7486 5428
7581 2311
909 8546
349 9077
419 2007
5242 3268
835 8662
8049 3131
1829 8506
82 8014
1112 3730
9731 2879
1373 6810
9091 9239
6132 2633
3450 2572
6839 8182
6881 2466
9232 4714
1958 5222
3190 635
3392 9819
9455 8637
4617 9115
614 6145
7454 7547
7986 5139
9869 253
42 5853
3844 2092
3955 459
4370 5015
6208 9218
5720 1770
1963 9951
552 1441
2061 9727
3891 1068
8861 8473
5275 5777
1909 2840
1024 4223
9917 5471
6530 5308
1682 9611
137 5519
732 4694
3688 2173
347 8781
1306 3226
1000 7949
7266 5958
3579 3694
1429 7192
7114 5188
9050 3446
6535 112
8964 9506
2985 1019
5167 6561
8317 6129
9583 2833
5533 3809
4208 4940
7133 1098
3956 521
7073 5140
953 4214
7947 8002
9580 6919
4676 926
4960 3546
7784 4927
2553 118
5119 279
9527 5703
9490 417
4952 4297
37 6983
1147 2634
2520 1547
2986 1935
8880 5658
9847 7467
4052 6803
2554 4546
3128 6511
813 2376
5157 8595
9771 2876
7005 275
1057 8680
4088 5375
1916 5595
1910 364
183 9014
2274 1603
2320 3908
3441 3929
184 5654
7312 168
5351 5295
6706 6411
8934 1597
5349 2747
6379 1491
6264 5773
5893 3400
1341 2123
6712 9217
5901 8298
9504 8109
6433 1006
4314 5785
4097 4605
7872 9219
5715 7405
5521 2589
5352 2179
2548 5290
6886 7477
5928 1964
7419 9078
1555 8445
3545 6750
6141 9922
8171 9848
2045 7125
8866 5512
5974 559
1929 5738
4117 1301
3742 1781
8491 7490
9677 1833
4047 7391
3949 8113
7126 7247
6355 3917
3993 1440
9112 229
584 2209
5854 5518
2655 435
3425 1673
9941 5249
5610 5609
260 2928
1939 1732
2246 9220
8642 7608
2195 3707
7882 8900
1533 2298
6916 6172
4077 5969
9110 3764
6849 536
5807 8667
1184 3880
525 2952
38 9430
599 9147
3918 3138
3632 8150
4845 6828
2697 455
6372 2509
3978 3278
8475 803
3952 6825
4343 2934
202 8280
1230 9667
7684 8923
6824 9723
2519 9705
843 5149
1161 877
9252 5838
5068 3723
7249 5388
6338 6465
2333 468
1168 7478
6681 3218
8452 4347
7321 1531
1672 4564
1733 9810
362 2095
434 9188
1656 2447
9378 5033
1974 4398
9173 6557
1543 6414
8300 2156
2275 4096
6437 7331
9535 8020
1336 2416
7174 3439
6623 232
3030 2974
7315 977
9474 7678
7519 3777
3679 7839
1792 8882
103 1676
3557 8331
5766 3095
5019 6967
1421 7751
4989 9257
3788 6154
8573 1588
9652 2463
2666 694
2429 8071
7362 6743
91 5967
6895 1444
7857 1401
4504 1645
6823 2465
1532 3865
9043 2593
2259 5003
9111 9028
5380 5354
4865 2707
6655 9866
4256 3732
8857 472
6812 390
9365 9671
3659 1143
1416 3996
4902 589
5436 4111
8994 2875
8734 7019
936 3806
7650 4319
4812 2614
1776 292
4704 8493
5899 8149
92 7028
1937 100
9130 989
9817 6573
9317 3390
2004 3990
5681 5718
8371 6389
3850 1906
2068 3573
3423 5004
5498 1025
9223 2397
6493 6609
791 174
3317 6275
7074 9407
7116 6804
7388 9482
1595 3669
1356 4737
9741 6566
6736 2421
5226 6314
7603 4455
4625 9534
7303 7680
650 2110
9184 6994
9395 3762
2476 5028
7237 9633
8355 8984
5569 3013
8342 3554
5415 1211
6207 7213
9865 7013
9450 3112
1050 3307
2834 5765
2384 7055
995 3344
3527 9234
4730 7352
7229 1945
8740 2979
4724 8123
2104 7820
5819 1223
26 402
7355 2464
6761 14
9081 4376
837 4326
5806 8792
560 7225
1690 9761
9658 5617
7837 4976
9553 6319
8018 1621
5271 156
6405 6709
5629 2257
3220 834
9118 5787
510 5361
5840 915
5666 5106
9598 3822
999 3783
9529 6580
9690 456
8681 535
2689 1137
13 5365
1200 600
1343 5755
1166 6987
5241 5841
7282 2644
8380 4825
4244 8507
8480 9979
3389 1837
7379 4893
504 9424
5990 2486
1901 9238
5440 8778
7284 9940
5815 8762
8509 4389
955 4489
6734 2730
9259 7966
4078 6668
5959 3913
5137 8143
4193 9885
214 1904
9858 2147
562 888
1812 6631
5405 4916
4040 4691
4958 9967
6785 4700
3487 6025
7252 9862
1851 8211
8999 6732
8243 653
2527 7255
43 1240
5098 7611
5903 8438
200 9082
8105 2035
5707 1680
5017 5674
5697 1853
9654 9608
269 1734
5043 9399
2955 9710
3461 2898
3876 1282
1976 6394
6920 3094
2695 9724
1876 6123
652 2048
4480 6393
3720 8869
3773 2100
5514 6593
3008 1141
7251 4421
7022 2661
2526 2765
3201 9777
3076 7276
1522 310
2233 5084
2541 7493
6425 966
3726 4176
1330 2074
7617 3203
1779 1139
3107 4552
3874 7244
9307 1213
7358 2008
9942 4567
4575 3382
2588 4067
9560 9170
6697 2043
7039 4481
2835 9085
8067 5453
5166 8774
7627 432
2813 5231
6420 949
529 7277
7369 5511
2575 7341
3611 8207
5215 6349
2168 5644
6735 3333
7963 9109
1791 3829
9117 3262
3791 1605
9825 1115
2702 3037
3930 1868
9640 5941
7128 1099
1991 2186
5287 5152
9902 4994
7375 3457
7619 8184
8269 487
9519 7398
986 3664
4547 3280
5002 5935
9194 3039
5560 8004
6820 7593
5221 492
4577 4679
4773 5302
6582 7354
1724 8151
6065 9088
2753 6399
8908 7058
6640 4597
2450 8703
9751 693
380 6013
3637 9907
7579 4063
6550 6451
7206 4892
19 2810
443 7914
9599 4997
5263 4603
533 1253
4366 1010
8230 7956
9682 6664
9948 3398
2111 4355
3080 7332
1900 8735
7927 8825
4385 5197
9507 5620
3644 3652
6833 7243
8607 1975
6844 8974
3364 7861
660 1285
4804 8303
161 5038
5158 7299
1523 9647
2199 7440
4841 3042
1397 3860
4313 8306
9152 7919
7330 2672
8126 9098
3623 276
9305 3951
2693 3972
2613 4349
4464 5490
5925 155
2235 4801
6184 134
5353 8684
3662 6800
1612 411
4748 8665
5133 8008
4447 7609
4620 8926
325 95
3687 4912
8528 7881
7272 6327
81 9417
2710 9806
7604 5495
3980 191
5252 4683
5114 2118
8140 2970
1012 5232
5493 3119
1957 5663
5945 5665
8385 1850
1592 9339
5051 2901
7743 9163
619 5874
6317 4793
1023 3479
2725 6276
6481 5677
3310 2375
908 2393
1425 721
8076 2162
3401 6367
4186 9029
9315 689
6975 2804
8391 8760
3853 4493
9046 3991
6056 2369
8764 7908
6044 5825
4293 3093
4136 6096
5445 3047
8363 7203
5734 5339
8397 9401
9660 6559
1967 143
5704 5980
4290 3098
5852 3945
426 802
1439 140
8221 5970
8157 5600
1338 4411
5034 1865
2134 1145
8845 1566
5480 3840
1056 283
9022 1956
3593 4140
6565 3433
2076 7195
6813 4837
2479 2691
2606 157
8148 1852
2013 5300
75 9443
8783 2926
4191 543
3884 7698
2400 6038
342 8072
4165 9371
7748 9712
2909 3347
1758 6455
2534 7600
2260 9132
101 5041
7347 7273
7951 6421
9557 9680
6538 1121
7760 7349
3153 6423
2402 1016
9270 9149
9790 4430
8617 1649
7151 295
8310 4541
6764 3492
8865 5494
8505 7610
8326 3801
9456 5779
9711 8466
7371 5916
2832 4763
8728 7049
9335 7957
4087 7246
1292 4287
8797 4233
2301 7018
3530 4950
4880 4803
5846 4709
3373 4861
781 970
7149 2362
5154 4112
1443 7097
990 8892
2242 3628
7968 9021
8912 8854
2475 5965
2268 2851
1554 4791
7798 7653
9901 3602
6934 1548
5240 9090
3716 6249
9381 9626
7929 5708
4890 333
4821 1793
3409 6779
5529 1654
7621 1600
1565 4499
6095 210
5561 2831
11 3077
8387 7397
2088 7406
8353 3909
7669 2056
960 136
4596 4896
7586 8419
1402 2314
3434 493
5454 4602
5515 6790
5281 1469
6009 2091
7997 9617
5798 7083
9615 8077
8937 4789
7931 9581
6506 4667
4190 4362
1681 815
8100 4973
3923 9501
8562 5669
6774 2646
6699 1568
4878 8976
8582 5468
1325 4762
1944 4363
5425 4532
6197 5115
5148 4422
4887 2927
7699 9619
6250 9873
6914 4643
3477 6772
3024 6955
4537 2281
964 5740
637 922
9925 2350
1864 1424
1694 7813
9823 8722
9718 8173
4682 5444
6799 6022
3827 3904
2958 939
8702 3529
9294 1275
6966 3204
2637 7374
9255 3286
4568 7421
2373 5392
7995 7069
7498 1447
934 4323
239 8659
1966 5616
3638 9729
6976 256
9883 2758
3361 1076
7458 1760
1582 3330
4037 3197
6788 8747
3269 1257
564 7424
1045 4827
3666 8886
1085 3654
1409 9408
2324 9781
9939 6838
8979 3006
8090 3506
5013 4134
9269 2347
2679 27
8741 6704
8075 9052
1492 2632
1628 4277
9013 1268
6192 7701
8441 9512
8833 3680
9963 8949
9707 1542
3320 7463
9815 3357
1422 9955
7568 5826
8229 6869
2070 597
8369 5434
9410 7834
7194 4690
7911 750
6330 7157
706 8688
7594 4886
8392 733
7736 4010
873 8311
5122 8367
5607 6913
2732 3270
1075 6169
940 9855
725 9374
5044 5799
8106 7278
9830 5725
1941 9970
4232 1418
8967 9042
8290 5768
5559 6902
7814 8771
2435 9634
3189 9898
9452 6940
6287 2555
4330 9643
8819 7623
5037 6936
4090 1237
6583 2850
7216 550
3233 4195
7726 6988
6289 8131
146 7637
2784 6127
7343 5081
2923 3476
676 1510
6436 6059
6036 3533
2557 2157
1892 7894
4891 795
326 6943
3895 7271
3236 941
2571 1511
1319 71
1033 4327
6608 9254
723 5184
1838 6374
3395 2446
7582 5251
2180 5764
5254 4797
4402 7365
9267 1107
2542 1699
1866 49
9421 6641
1931 4184
5210 5177
7845 2389
3079 46
6692 4368
1459 2843
6133 5360
4049 9436
9900 8046
1180 1374
3410 7827
4350 7507
690 6485
8930 360
8921 4189
2839 6290
1250 1430
9881 684
8389 5630
2960 2812
7320 5832
7065 591
8521 5748
4840 5142
9749 3259
1205 1710
3198 5993
1871 6757
8884 5146
2161 8879
5366 2280
3982 2159
39 3774
3038 1366
3156 3394
4031 6629
6776 6412
9065 745
6938 8336
3100 5090
2660 5390
6660 9191
1711 3890
3624 8883
9604 4750
8589 7212
5728 5116
7539 8396
9525 4006
4181 4655
7566 6142
3309 251
3776 4792
3897 4392
9186 2218
2507 2270
730 4809
9669 6185
6809 8275
2219 5975
1987 3348
458 9919
3767 9373
9853 5062
5370 1063
8254 848
1131 7392
8088 3696
9379 3003
9938 4965
3761 8724
688 8244
3610 3697
7413 5262
3411 5908
2385 7693
923 1417
1707 1359
5022 6259
7491 4171
8515 9737
5946 9236
4914 1043
2119 2029
2224 6011
8596 6646
1254 1801
527 1973
3560 9924
8810 5940
8351 5700
297 1650
8219 369
384 553
4492 2596
9887 8193
9137 4252
1481 7692
274 2184
3151 1969
7555 5280
6147 1321
3501 4255
9882 9645
4928 5217
7615 8218
687 4102
8031 4401
9982 5956
2598 413
8720 2326
2130 4883
466 4008
3180 5502
1768 4476
3672 7652
3117 9564
4345 7011
7361 1824
1727 3431
954 8860
4862 3155
6483 7992
4943 4237
1150 4623
5614 5169
8713 3948
8638 5047
1457 4360
9016 7144
3885 3490
303 4044
4295 2500
8459 9734
9891 4198
8899 3833
7426 2220
416 1309
6119 8963
4286 8253
1334 4979
7000 7161
7746 6368
642 4585
902 515
6777 3975
3435 6985
2814 7780
1809 5760
996 6496
2125 6152
8395 8302
1730 2636
7937 6118
346 540
9416 7717
5584 7846
1848 7810
978 2579
4240 5330
1844 9566
8015 5283
769 5542
5705 1314
6453 3469
3397 2081
5 8074
2675 8835
8742 8285
467 3308
9747 6581
1741 993
1962 7499
1385 2328
4315 1007
6001 5005
5784 4790
9017 175
1476 9026
3171 7025
7988 9928
7580 8641
5713 2033
7268 1217
5702 1109
5564 7348
4609 9359
5900 2046
5439 1716
2888 8390
9241 8579
1847 4284
9875 516
3758 4125
5372 9903
388 6406
9201 4980
9432 8063
6710 8401
3655 8685
9174 3525
302 9893
806 9594
5886 2430
4715 3526
8426 6952
8716 9585
868 1125
6841 6171
9346 4081
9134 8301
8508 3004
1622 8259
3375 4829
4452 9289
4089 1291
8510 7488
3295 4104
5673 4615
9032 8957
2766 3643
959 8877
4199 3870
8403 8748
7918 994
4802 3196
4613 2841
9166 8822
7474 5323
6034 8744
5391 9322
3540 3734
3538 5670
6576 6067
4774 7168
3663 5335
2965 1706
9998 4659
8704 55
2361 9497
4751 9214
2667 4839
2016 4574
8901 604
2485 6128
6836 488
4975 647
2738 9248
4647 1526
4850 5628
9522 2392
2791 8519
1320 9953
4094 1093
6027 2963
8448 5121
2215 1875
2599 8632
1632 9343
507 874
2436 3420
5949 2942
9987 9316
8953 7815
7703 2743
1535 5342
6214 2321
898 2423
8807 6611
557 9053
9276 7163
913 740
6931 7305
2003 944
7599 651
6212 9631
4356 5992
7910 7241
1715 4582
6708 6942
9508 7106
5932 4595
1857 9235
2855 2754
6269 7364
7704 1298
1278 6263
8755 8761
8413 2989
863 9586
3603 491
628 561
9012 23
6990 6627
7068 6533
215 698
6502 686
3001 1239
9100 7825
6 7721
7176 8177
646 7274
7940 6717
1227 5053
7061 9757
6852 6961
8752 2552
3281 2142
3366 8504
8212 4767
8844 366
6464 1897
1913 5850
5659 6041
6503 6211
4702 8356
2175 9453
5939 3552
5214 254
7732 6004
230 9748
5235 8500
5780 4707
1685 832
1544 4149
6162 5950
5633 2053
3795 4860
2947 6969
6304 4897
8399 9807
4331 1328
5063 1142
1879 9142
7880 1860
5968 1814
3054 5710
5057 9330
177 3690
6728 2154
7461 5165
4692 5876
4281 9728
6597 6568
2390 5447
4118 9150
6783 6802
7557 2535
5326 7322
6006 2460
1689 6829
8889 9481
9097 2334
8155 9161
2683 1505
3970 1495
9663 1601
3249 9073
3084 5244
338 8374
5036 5761
7961 7768
9039 4987
2305 4120
3473 3475
6373 9637
67 9139
8968 3340
9576 6442
4378 1763
1609 9301
6417 4130
1806 6650
5455 9779
2330 7735
410 5376
8187 2924
8705 6206
1088 4241
25 1071
2806 9795
2751 8240
7904 2343
2950 4560
2728 8584
1037 638
5250 5847
2647 393
4320 9143
7236 2870
5396 5255
2038 9182
4915 590
5921 4373
2558 291
2863 3629
7443 4289
9698 4765
8362 1709
844 6064
4810 907
4417 4178
4946 6351
9610 9222
6280 9983
2567 3294
7860 7428
1029 4648
9786 2586
7516 224
793 9956
5009 290
3531 7350
9121 3733
1252 1105
8697 1222
9403 2176
8043 5059
5813 8463
4651 6439
9775 9500
235 2443
592 3549
5706 5912
1889 341
5052 4403
7506 8430
7017 2248
9461 3927
2768 9127
1674 544
4955 172
9509 5277
1508 7035
2190 7137
8026 3800
3029 9609
7138 3905
9385 6101
5083 8670
4870 6371
3612 8482
4859 132
16 2770
6805 1629
2503 8542
8429 541
1186 3820
3924 9414
7888 3708
9391 8455
9905 3724
6342 5064
5923 6360
9760 9296
4948 2267
7455 9681
54 587
792 1643
8839 3535
6475 4144
2769 8405
5079 5871
2854 8726
7622 4561
219 1740
5016 6168
8468 984
5027 3770
8687 8541
9984 3505
8947 4806
2726 714
3181 241
7134 7089
605 9245
1604 2741
8226 8627
3424 255
927 5384
4503 470
1488 4705
8134 1382
8711 1784
6021 6161
5833 4711
355 1154
1262 7248
1538 6907
1415 306
3404 661
3065 7687
573 7386
2399 5218
4519 4758
4736 7628
1126 3041
2920 7313
3048 9168
3902 2824
9584 3025
4324 3158
1311 50
7806 4273
4699 2040
2109 3824
2236 3962
7876 5355
277 1265
9773 9944
135 8103
4419 6075
5635 4306
799 3519
866 7674
5486 4192
9208 1765
9237 6865
6851 4201
4110 4913
7032 6935
5776 8315
7324 4593
2213 9750
3163 8345
3617 7141
8153 213
5268 1946
2925 5112
8304 1372
3393 7793
6296 4881
321 7007
3387 7264
6590 1171
583 5189
5096 778
6157 367
9799 4556
7075 6213
4390 5719
1483 4472
6195 462
4634 8216
8733 9972
1999 5469
382 7971
9034 892
5906 3074
9503 9293
5979 5338
8645 9531
3954 4142
6356 1888
3569 9261
4562 8527
9952 7057
9072 5264
2287 8042
2828 6542
4769 1721
2785 555
581 5656
7867 7515
78 5885
5758 7854
3966 7084
5800 2869
3960 6963
4342 4442
6786 4924
5476 8352
8512 3184
5655 8431
9936 3685
7620 357
568 1296
603 9990
8737 9814
9502 8366
6956 9402
8006 2496
6045 1663
3534 7774
6094 4017
4423 4961
4271 5680
547 7666
237 9499
524 2685
6226 9285
2620 6026
3642 8646
1225 7902
5206 2055
5467 7169
602 1661
8499 7466
1104 2517
7696 7805
3647 1993
7080 6898
5202 8330
7396 1845
1310 881
6020 4383
654 5485
6308 4867
3032 3316
4043 8730
1081 6232
7512 2490
2097 8678
1411 1783
5862 1524
5917 2757
9850 633
3714 8609
5583 494
4744 171
1346 4512
4970 2896
9579 1723
1185 4024
7791 5466
5960 9843
4742 7632
5638 9345
2456 1611
3253 6390
4852 4591
8913 1835
6225 6514
4794 1189
4062 807
2514 96
2482 3009
5549 2071
609 6005
8516 2064
6811 9696
2981 6047
6428 8623
6194 9198
15 1
6072 7469
640 6407
9829 111
4734 5856
1379 5270
1981 6466
1127 3177
8568 512
4962 7724
1778 5803
4858 2422
1419 3168
8840 3953
8121 1896
24 159
1696 5310
4250 4863
6822 6181
6830 8457
4526 2690
618 90
3607 2961
2296 8898
857 7164
2368 2786
6968 3934
9229 951
6707 5479
7318 1134
7826 3625
8517 2126
6310 61
4058 3498
9721 7185
5756 9196
1482 1360
947 1327
7067 4107
5120 204
2044 8108
7649 9965
7518 6658
8256 1659
2889 8766
3 2884
7585 1408
8272 2846
6527 4627
7439 2783
7907 4172
4657 4325
2916 8674
7339 7891
9996 7113
8743 9003
9523 4795
3785 245
3251 8245
257 2293
4558 8145
3230 9780
520 5741
33 189
4309 5652
704 7730
8350 2346
473 9745
1807 1017
2498 5701
36 1228
1299 9726
1026 8359
3736 3015
2473 4071
4394 8174
3266 97
3018 4815
2006 1573
9629 3258
2277 2028
6738 3575
334 3509
8159 4477
1623 6871
6556 5685
6662 2643
2959 6231
2387 7558
8618 1872
6346 6693
6558 2737
4213 4645
7677 9964
1302 9993
4292 3550
9742 8059
4448 8606
5987 4145
1691 962
2502 9434
2273 3376
3000 8805
5141 3288
3933 6846
8578 3161
6794 8635
8960 1811
1358 9665
8041 3997
5556 4247
5957 9180
5316 739
4114 6639
6727 6462
3789 4450
7874 5757
4371 2745
8647 1215
3365 3327
5977 1194
1468 5243
4259 5722
8699 6032
422 1662
8375 6189
673 1193
632 1371
4057 3999
5094 2971
3928 2359
9178 8597
464 5947
3323 7771
8547 9588
1965 7740
1652 3328
3802 3391
9258 6253
4599 3887
8176 6422
7010 3763
5788 2544
3170 961
1754 1775
9181 3346
9366 8649
4783 6512
2857 8424
4654 5026
337 1449
979 1214
8530 2976
1769 4842
5344 7088
8112 477
2652 8289
8924 5401
5200 1719
7578 6874
4453 8309
314 946
5219 6853
9160 1218
3224 9244
3693 7450
9071 7308
5782 4531
7832 3271
1684 3182
2348 1831
6677 6949
5001 4899
3582 3572
2431 2058
7859 9767
339 331
1191 5664
1297 5555
9868 1390
3005 2451
627 8029
2998 2736
9962 151
9311 4429
6876 454
8769 7015
6222 1803
8308 2101
775 5814
5601 4449
5337 4720
670 6564
6241 1414
6653 1998
891 6759
2518 7407
2801 9730
1059 9195
9877 6749
3745 6507
2167 1208
4621 9606
3551 2953
3838 9069
4808 3797
8270 2761
9809 8011
2204 272
8404 359
9739 4020
9341 293
6281 5491
9076 9131
1316 6520
5075 12
6562 4033
3194 4348
7776 3088
1293 5194
8086 3994
8932 7980
5327 7690
4740 6515
6354 4688
9934 2227
4536 6834
1144 7048
1849 7668
5653 6669
805 7886
2440 3114
1464 4148
6089 3022
3746 6120
2591 6283
4220 7996
6183 439
7003 2792
5055 5311
5087 9664
263 7296
4877 1281
9435 9980
6473 2370
3399 436
7044 5810
1042 2317
8436 1080
3339 4302
7870 1861
6746 6773
4384 6747
246 5065
7561 1953
6705 9023
9437 6215
8911 1585
7253 311
7864 6174
2912 4926
9477 482
5487 7417
9167 8758
3445 233
4490 8650
5045 2929
7575 5095
9144 1764
1220 2987
3240 1926
8958 4238
1332 2327
1571 756
9648 498
327 6471
8267 6254
5754 7335
6745 6649
6977 3871
2533 734
9224 9554
685 1069
9251 9246
4012 4249
5830 851
4266 2041
8408 9740
3146 9992
3744 4484
6733 7812
6918 575
9431 8160
6403 9280
7270 9062
9084 5072
1557 4200
3973 4876
7432 8529
6817 1270
4884 2405
9123 1117
3854 7720
7231 5179
1478 1100
1155 5982
2861 7076
5828 5930
2105 1198
1206 9135
5510 8421
4678 7863
6173 8962
8612 2788
9263 231
5233 8279
1678 5412
505 7714
8242 6285
158 4935
7821 6028
2951 3261
6017 1577
8477 3781
9126 3480
9854 4365
1530 8718
1219 1156
6775 6086
7100 8996
7447 289
7513 9406
7071 2018
7848 2237
2164 593
6999 9183
5596 5497
1796 1405
9986 7171
2621 722
9765 4166
2351 2345
2009 3812
3586 9573
5531 8220
6972 4045
743 7261
9544 7336
9086 486
5054 6081
2291 1267
2569 5976
4580 4514
4687 4509
6827 2529
9861 2441
2886 983
6908 8790
2262 8941
6508 6840
6962 7858
6468 4065
3363 2483
865 6604
5808 8779
7896 9060
5534 3872
8201 9684
7483 8065
746 7766
4813 3062
8469 8288
8995 1433
5035 8808
193 1968
5078 5208
3883 8115
7943 5636
1805 9620
4467 6103
4671 8238
5399 2133
7085 503
4781 7656
1608 6950
5333 8494
3657 7240
9281 1802
9295 821
9292 8636
943 1231
2721 3478
8323 5395
4027 6156
519 7382
4226 5020
2461 7197
48 7707
128 1823
4528 4155
5944 3380
6672 1637
7430 4303
3622 8364
5507 3144
4991 2917
6294 4039
5411 7298
7614 9384
4469 5998
7924 6991
176 8881
9532 3936
4475 4872
9283 2687
3580 9358
7384 8120
7208 3427
8185 6688
9957 4391
4816 2357
9444 8030
1018 4610
1399 7307
4440 9759
9155 8656
7722 3060
7351 6341
5528 2595
1614 5205
2682 578
2407 2410
2276 207
991 1049
1451 1633
3581 5526
3846 7124
6015 2618
3709 148
9080 7541
1644 3290
7325 2188
2136 1203
4482 5406
7598 3756
427 9103
5589 1001
9874 8069
3108 4122
1339 5926
9618 1712
697 4443
4745 6888
4543 7158
5648 7279
8344 7472
1862 2649
3845 7306
5873 7527
606 5645
9361 107
6945 7446
2673 9597
1460 6160
8608 2172
1537 9473
7014 3246
4999 7663
8451 5319
7289 7978
6218 2799
1978 9950
2072 4408
980 5604
4507 3120
7118 8855
8052 3007
6726 931
534 3609
8082 1159
2141 4875
5880 4624
8559 2771
2367 5457
1583 7256
7590 3254
9840 4141
8273 1708
3676 9692
6797 5099
3537 2574
1984 895
2210 6479
2316 836
1273 6744
7885 4855
8767 9824
4483 1683
5080 9129
7770 6731
2444 3337
5543 6529
4695 8940
1342 6753
5938 3814
1423 7286
7801 8858
2931 903
2793 963
1173 610
7500 870
9104 7390
8717 5709
9833 7889
496 7202
8614 910
4726 9353
4187 8040
1174 7828
7613 9673
248 4666
4084 8334
5346 7777
2232 5046
8590 408
6097 3810
9334 7842
4502 2103
1236 5632
6613 8178
2150 4761
8620 149
7913 779
5590 2082
1111 8321
3428 7110
5389 6547
7954 532
6248 7418
485 5127
7965 9798
8122 6765
7745 299
5867 7700
7958 3141
9125 3026
3113 2381
1692 8831
6474 1392
5156 6286
3296 7042
7563 5135
2780 3964
6721 2980
1989 9546
7883 3671
44 2578
5011 2005
6756 9630
3641 9221
76 9540
5651 5336
7148 9377
4732 336
8054 6199
9613 8080
2968 8905
4782 2453
8376 1602
2087 2776
8922 7250
7930 925
1061 8710
9328 6678
1615 6519
8127 4353
5276 737
854 4261
2524 3279
8802 6900
6427 8381
1688 2583
8570 2668
6151 6078
671 6995
1994 8013
6042 5321
6755 7950
3238 3165
5175 5105
4162 4611
5060 2354
5567 2681
5572 6256
1078 7936
4439 4393
451 9124
8672 7565
4905 6937
9484 9575
3793 9074
3147 2432
630 8278
5007 1120
5726 1575
5890 5933
2670 9511
1487 5236
9325 3571
2508 8213
6866 7115
9411 5532
7222 9603
4522 2292
1655 7377
353 8129
4941 3321
3166 6105
4947 2067
7756 8965
2261 4515
7595 6104
4693 9480
3920 7584
6224 7974
6369 6617
4086 6524
5671 220
6274 3819
431 5209
1087 3370
5305 6305
6326 8801
4372 8268
5772 1670
6031 1642
6494 4036
4551 5657
5745 1271
2602 5504
957 7624
9122 9326
8325 3969
1731 170
9348 3044
6819 6139
988 9733
5442 105
1431 1536
2181 8461
6930 8293
8085 2570
7219 5313
8698 1467
3888 2121
1943 4680
2677 6667
4754 2852
3248 3139
7009 8694
3020 4278
3561 6318
351 7012
1877 4028
6768 2651
1912 4473
558 975
1546 1344
8206 1619
2698 5086
9756 2760
123 226
9047 4820
8864 1572
7921 330
3186 5991
4471 7245
8412 6680
6501 9595
8010 9001
8286 280
930 8432
6894 6054
228 5717
4505 5153
1028 8653
6541 7183
4759 3345
6546 3458
7329 8062
4733 7070
763 6947
5089 3021
328 4674
5860 696
2559 2192
7233 1351
8691 5097
4321 9889
1558 7431
6555 1560
5503 2576
8060 3071
3132 6607
9975 8133
8936 4874
1303 2249
5394 1490
1518 7142
7689 5475
4857 5790
7207 5040
4788 5101
2191 8811
2708 7765
5762 1202
1204 5398
4882 8241
1133 7754
3462 500
6645 2085
5381 7741
1030 7542
577 5737
2779 6729
846 1361
8305 2797
8799 9119
7098 3570
4243 6186
5481 2996
2856 4329
8210 8163
8495 4934
1370 824
6398 3083
3162 8823
766 1675
6413 1843
5783 2202
9169 3154
266 5631
4070 4179
6099 5539
3578 3510
1489 4416
5943 8335
859 2023
2601 4437
998 9651
875 8307
5730 7136
7465 1123
905 1816
392 8239
6261 4735
3342 4753
7187 1528
1110 5429
9932 2871
6361 896
5160 1454
6715 5732
6523 6404
9693 32
509 6076
2782 728
3244 6545
3747 8125
6878 7705
2263 5746
5478 8909
8639 5117
6170 3817
5374 1561
6495 2713
2607 9419
657 9859
1170 3056
9528 1009
1388 3405
1936 9695
8910 8458
5325 2339
6334 3229
6554 4095
8817 6057
6766 6723
4459 9192
6130 4379
6279 8460
9864 2290
5397 4755
1005 8871
7868 9812
6780 3674
2767 3523
771 4460
2114 595
8604 3992
4205 3780
2380 608
3090 7742
9308 5285
5530 1514
620 72
5771 5896
5587 7087
4474 2412
7731 7769
4957 8981
8320 6402
1836 6630
8197 1521
6166 3429
8888 3995
4945 7502
2882 4516
3811 2796
3127 2278
2480 6915
8586 1074
8009 5667
2203 556
7403 2037
3984 379
8666 489
6911 6752
8266 8622
5102 9427
7173 3516
5796 3239
1138 7853
9653 735
8545 180
4301 3935
2481 1874
7438 5446
1243 5050
1971 6461
9821 3172
4716 7482
5527 3028
2680 8661
1620 2146
5048 8829
8631 6684
8053 6792
4304 3454
3608 5367
3985 2995
6137 9136
8393 8927
1308 4338
2145 825
9716 9678
9059 4517
3528 7869
4805 1135
4777 3968
5834 5735
6242 4684
5538 641
3073 6090
387 7184
9755 6288
548 2140
1817 1646
1797 3352
3563 8820
856 5443
1333 374
8613 7205
2729 9423
1035 5031
6971 4159
3588 4570
4500 5125
5334 887
9274 6456
8847 2254
8257 8972
9852 3574
8337 3798
8025 9230
8223 2264
4150 4618
2600 5303
7535 8316
7639 9093
4708 6992
57 7059
513 3449
6182 7287
3686 6002
7991 5767
3419 3875
1162 4030
9709 2193
8360 5216
5061 2438
5198 6164
4433 2705
4079 9994
1003 8574
6193 8236
8142 1386
9644 8751
1789 4322
8824 9655
6124 4535
5842 348
5562 8091
7082 7357
4050 9988
1353 9837
5417 322
3725 8338
1867 4966
9056 1630
2787 3869
9320 9914
2626 9004
5752 5067
4169 6400
4831 5537
7453 4908
7525 6343
8715 7583
3187 9834
130 1337
7925 7833
2489 2295
4399 6217
1008 5416
1498 2694
1452 9971
5608 5751
1921 7934
1322 2545
2049 3149
1472 8782
4361 5408
9019 1891
6098 5612
4013 7052
6848 3164
6126 5812
8789 7190
3087 405
3729 3942
8682 6381
1485 1988
1304 9686
385 5128
2253 4665
1458 6375
701 1300
9299 2883
2404 3371
9300 7802
8850 8738
6125 5904
3351 6073
5895 7942
5357 9005
9687 2396
7612 974
3653 3102
4337 4933
7847 3512
882 2823
2774 3605
8440 6246
5818 3403
8136 8154
6228 2226
1977 471
1242 937
840 8217
3564 242
4228 5324
1746 3092
677 3861
5981 5551
2714 3735
9298 972
3250 6719
5914 163
8798 7280
2355 2628
665 9768
6134 4985
5483 7626
1878 7551
827 5161
7399 3600
8232 3594
7191 5501
8130 6061
3932 4653
2286 9591
4270 7524
969 6922
84 6237
860 6102
8553 3583
428 8621
4428 2300
6409 1651
3565 1235
4046 8435
9926 1020
3225 332
3547 4288
4628 1938
1347 9368
3630 1032
397 5647
9303 4106
41 3703
4569 2427
2688 6292
1826 4956
594 2789
7180 8706
2826 378
5774 423
9347 3640
5130 9896
68 8107
3796 2701
3014 1657
4743 5212
4851 2364
2510 2057
9037 1959
3675 6018
6265 6858
2700 5230
2530 5461
3739 5954
2635 3855
1502 4305
9974 3803
4412 9226
3577 5821
4772 3338
4992 5509
5558 1787
3023 7517
3750 6910
2174 758
679 571
7436 6037
9044 4298
5431 8233
1279 1580
8172 5624
9787 5804
9547 7719
2560 3234
1933 3841
8415 1140
6816 5500
9095 8658
4981 7412
6570 5317
6358 4951
7681 776
7792 2990
2641 3372
2342 9550
2505 6230
4539 167
8262 4143
7027 3998
1394 2206
7990 8560
4871 3217
358 403
8571 7334
615 1136
817 6339
309 2830
1027 3813
4614 6510
6113 6703
5464 4375
2712 7526
3354 5695
2717 7797
126 5430
4885 6605
7969 5881
6121 9888
7495 7553
682 1450
659 9565
3710 7895
4828 7933
6149 2143
4995 6845
1744 1318
9701 6245
683 1785
4269 7618
4964 5661
7460 4819
1519 9179
4746 8423
4035 5006
278 9758
3134 8478
1884 4163
9703 4016
1950 1264
7912 2727
644 1517
110 5951
1229 296
212 4660
2946 7661
4629 2982
2382 9558
3821 308
580 8283
4658 9524
7962 811
1038 7616
2859 6665
8117 7117
1761 1160
9650 6789
1290 3464
823 2665
3471 5199
4739 3515
6297 8593
2890 5248
1591 2241
4032 437
8533 5364
3757 5517
2847 1738
4587 203
3649 4835
1982 9851
6498 9666
1587 1794
8977 6525
2458 596
5864 2285
5186 3145
3702 6277
4677 9000
8939 4706
6220 8456
6043 8282
669 4559
4598 872
7258 3792
820 3231
5585 1894
6200 7659
3751 6480
5692 5292
3415 6754
3974 2864
4689 8875
9776 8660
639 9202
1695 8625
858 4942
1066 526
8795 5770
4285 3808
2158 1465
1755 7531
7993 705
7576 7147
7376 879
4418 6864
3911 3130
1788 9639
9822 1175
8846 4604
7096 4328
86 3678
7200 9714
681 8427
6024 3691
7973 8671
8194 5482
8867 2999
45 7716
4776 2240
9156 4548
3369 3769
9350 286
9035 2001
4151 5438
3539 7217
4698 2093
7265 932
7047 4245
8341 4254
5414 4015
3701 93
5586 6239
3213 6082
3587 7046
2265 861
8000 6382
1096 9441
8841 4263
6306 8615
6252 5891
9304 7131
4426 5884
9008 3064
3831 8050
3173 3878
3082 3078
5164 350
6396 3700
9277 8675
3103 4779
2117 8410
1564 1259
3016 1437
3482 4710
9363 4888
8284 8097
718 9055
186 70
5594 2964
713 7514
2629 8673
9549 2445
7139 1384
8343 8640
1610 5124
60 7401
152 3494
2419 8629
1477 9352
9876 1759
6136 8920
621 3852
47 2452
8816 4009
227 6884
2798 4630
9159 5691
5195 3566
460 8990
8190 3926
8806 4938
4377 1697
7728 5185
9612 3596
9433 7182
7725 6769
3513 8132
4074 7045
3465 3036
9310 6267
5196 6131
3306 2564
2336 1212
551 8828
6238 6791
4072 7166
6492 2197
4607 624
4458 2090
2930 4786
1255 4454
6203 8276
4470 6683
3786 7782
3304 1539
412 9458
3341 2722
1925 9662
752 7230
4217 9616
2124 1827
6388 3857
6307 9342
9396 7062
6258 869
6861 6380
6201 2837
3206 8874
8012 3738
6204 9422
7077 3011
4904 5025
9659 7119
2230 6534
2940 7198
2228 9467
3683 7739
1083 65
1842 9685
1064 9045
6443 3422
841 2102
916 8265
3959 5030
4936 9844
514 1453
9674 5328
8470 398
9291 8773
767 4221
4719 2740
22 2417
1840 8849
4451 7762
3235 3367
0 5458
933 6614
8064 1432
6671 3518
7648 6899
8186 1666
2867 2034
6445 6071
7155 6029
282 2742
268 6818
261 9752
4907 8119
5159 1435
1704 6722
3110 8856
7494 9813
420 9177
1413 2819
7300 8838
5716 4215
3178 3086
9287 1124
9746 3522
7487 5924
6862 201
5805 715
3388 3402
1534 6979
579 9488
7333 9766
6711 565
7729 3706
8852 6624
2039 3260
8104 30
2472 8068
7922 153
2938 3823
6619 6291
5245 1376
6584 4267
8989 5172
948 9697
7004 1626
5599 9722
9736 3520
8725 131
3232 4836
4910 2406
1169 6513
800 2477
6993 4823
3126 6806
8296 1954
133 2817
2653 8581
5312 6312
2815 2750
5247 2650
3091 2748
3517 8624
1058 7631
8485 1992
3383 8669
7511 1284
4491 284
258 144
5465 9538
4588 1804
4486 8464
7987 6696
6616 3221
1146 3133
5995 7470
3718 1364
2676 7109
9211 4652
1471 2021
4923 6666
8956 8098
2625 956
3893 645
3856 2250
7356 3040
354 2310
1070 3408
3157 7862
2388 5999
7078 2692
1463 9995
3381 8328
2699 1795
31 2772
8200 1951
8476 9020
3115 9782
5877 7024
7368 9884
7314 5827
2582 6625
9439 1509
6652 2060
480 5470
3502 3615
8246 9543
2319 3541
6599 6007
8536 3129
6842 9370
7228 4738
2522 3760
5662 1940
5228 845
3500 1660
6035 3682
5378 3848
7946 223
6270 4649
9838 1181
3961 2956
3489 8863
2042 1687
377 7295
7564 7023
878 4932
77 4068
6714 6484
1813 1808
7898 3834
8386 5883
1251 4832
414 4775
6240 4662
3474 4346
1893 5869
9031 4367
7292 4235
424 3142
4986 1735
9920 6751
6112 5437
7658 9753
7344 1148
1934 7667
4931 2513
3257 3646
2838 5641
7156 1895
2137 5459
8970 7416
1345 5181
8056 9415
707 372
2131 717
7804 9128
7534 9286
3958 3467
2135 6332
3109 9589
9623 9717
3297 5258
982 5492
6370 5859
8786 8813
8437 3521
2200 8472
809 5171
9510 6873
8511 8739
87 4909
9231 1312
7441 7521
1176 1054
5857 6906
9036 2279
3210 6114
7660 8035
7140 8
6860 4811
4091 3946
8772 2386
8812 3175
6540 1873
7783 6444
244 7120
447 7262
9871 4487
6826 8531
7345 444
7162 4369
3645 8657
1841 1996
4937 5066
8225 8192
9094 5362
6337 1589
9961 1153
2664 777
7917 4578
9364 6879
9785 935
5508 9165
4533 7738
9960 9839
8830 1718
2619 8051
1396 9657
8045 9485
9954 3753
6441 5266
7764 6621
3315 142
4113 7473
4796 6632
7193 8997
7734 1013
3384 5855
6108 356
7211 2160
5448 4212
1919 9744
7970 2112
1149 6691
631 66
8314 1048
5690 4188
8689 8770
8931 7094
3504 9628
3754 114
1031 2214
5793 8312
6177 300
2853 4054
7601 8164
7210 6835
6357 8893
7422 2539
5650 7843
9797 3416
4608 7107
9867 4701
8170 6973
3910 1562
885 5749
4064 3719
6111 1190
5314 2144
780 3748
9101 2734
4137 7926
3673 862
7224 7504
6648 6266
4571 3988
5966 5299
8492 6328
7038 4048
4253 3343
6088 438
6543 570
5368 3843
2744 4906
1552 4042
6363 9099
2802 668
1462 6477
8057 9268
4014 3842
9578 2932
9915 319
5679 9383
5449 3276
8066 5301
680 6295
6431 2187
3879 1383
4496 4170
4154 3303
5927 7538
2488 9568
5668 3045
9836 34
1960 1780
6698 4204
3219 5082
1774 6690
531 3049
4216 6951
6352 613
7662 7571
181 3965
2749 5103
7829 3335
5138 749
5849 2170
6419 2424
501 3299
4128 8037
2077 6868
4911 8114
6528 7459
889 3368
1132 7056
5162 7235
7920 7481
1515 2201
6209 4461
2540 6644
3658 9389
2031 1869
7789 3967
2638 1456
7293 6821
1216 9563
8215 4594
5552 4129
523 3983
7607 2217
736 433
3830 4713
313 195
3759 8868
1039 3136
429 4066
9469 3775
7673 9397
3413 3514
7108 6359
4626 4545
8895 855
2762 1750
5296 847
6808 678
6284 2352
4446 8768
8188 4082
2299 4681
5978 3867
6742 3508
5190 9590
7086 2733
9009 3661
8144 2113
5237 8196
1736 6050
2338 9559
8916 1545
196 5309
8549 2630
3799 7544
7423 6467
7408 9313
9336 9959
2910 6366
502 7239
3912 9463
4972 7552
1856 6430
731 7053
2881 2816
99 5576
6531 8322
8061 8237
1118 6476
5318 6191
582 4771
2349 5239
6079 3914
586 7092
4971 4135
4632 7532
849 3456
9622 4282
8514 3421
6618 8373
4105 3034
7915 6647
9446 4251
3125 1834
5049 7794
8780 3202
2944 5000
6700 1903
8402 3179
205 6831
4161 8918
1499 2528
2674 7411
3057 2609
7254 5731
5985 6392
318 7823
5225 1197
2671 5145
4257 5820
8263 5369
9930 3418
5211 7887
5091 2966
4879 9770
5843 3598
6948 2383
8554 2079
2073 7301
8501 7181
5646 8577
3207 1513
5875 2420
7998 4175
3727 8124
208 3847
8209 1607
7939 4984
4959 7807
8465 7130
9428 2247
546 4358
1323 2921
6549 5693
2594 1349
2189 8368
6293 6587
9691 418
9405 294
9158 8610
3105 801
7972 2939
8118 2994
2398 5029
695 6877
2899 2066
9577 2363
7808 867
9569 1438
8727 249
2309 6689
2538 2645
8167 8520
6517 3122
8700 729
9172 4268
9394 1014
7634 920
3940 9412
6887 6000
1767 8169
6247 6298
8033 4780
4317 8383
2256 2718
7683 8297
6347 4011
3548 4990
6682 5499
8837 1899
9243 1324
9688 8890
6418 4462
4239 2244
6069 2808
1269 9063
6385 3592
5983 2550
1157 28
5018 9641
8585 9321
7257 3851
8258 1097
4202 2825
1053 85
917 5348
8038 8987
4108 9007
5687 9390
6787 6092
7105 9460
3684 8814
2904 8183
6435 6569
1777 666
8442 5922
3123 4557
7548 2448
4636 5606
4382 6953
6489 5861
6702 9713
9494 2531
4717 7759
9704 5775
2234 5563
2809 4138
8969 7670
9513 7923
2231 6153
7849 7153
6578 9306
880 8255
3081 7152
4641 838
1034 9562
3668 9732
4004 2409
518 3868
976 5759
7143 3160
4764 6302
9548 2478
8800 7327
1961 5547
8048 3318
6003 1507
8848 2165
335 921
4817 7893
2177 7346
6487 9913
9725 9997
2449 147
1436 7479
4787 199
1617 8664
8668 4246
6686 1484
3046 1756
5698 3907
6233 4800
8544 271
2207 9362
5920 6970
8630 3873
64 7530
2391 8357
5265 6395
8449 8453
4544 2012
8985 788
9457 3097
7975 7831
3362 9426
2874 5831
5144 5613
7353 6925
1280 2148
8252 3670
9828 5183
5603 1368
6594 643
6179 3906
9927 4856
4579 2993
4334 8551
7209 7712
1970 7449
4124 876
8422 4173
6634 6364
8904 6815
3778 2229
6008 7285
5918 2858
8235 7476
8745 3216
1556 3543
8361 6322
7051 3319
5223 7818
8787 3712
7960 1258
1830 1979
569 8891
6497 6978
4479 5088
1648 5915
2887 819
2194 6325
8444 2415
3931 8543
5261 8231
2913 4374
6386 9743
545 2954
1890 9904
973 6598
5997 6889
4921 6115
3722 9832
2115 8775
6048 3312
4670 4177
9899 7642
3915 1586
5548 4721
1911 7132
9908 160
9475 2002
9314 709
285 4076
6532 7370
5611 4207
7095 3208
3185 386
7316 2083
3051 4280
6093 6854
1158 3378
3426 9514
9976 3436
9849 6452
8954 2532
2657 1420
345 5329
6620 6901
2 8525
4444 7737
8894 5402
7123 7040
3199 6450
6944 796
3396 8998
7427 8651
942 9445
9162 7636
238 7234
4977 4847
1714 566
3896 1638
469 7844
1073 1375
1377 7641
4919 8712
127 2294
4728 7587
9774 7838
4219 6221
5435 2303
4436 4854
2283 2739
7232 216
7340 1244
8611 3553
6635 4092
3272 2842
4497 6807
6998 5092
890 9360
759 3950
2639 4415
6299 236
8929 7830
1474 3252
5618 4098
7283 8483
8756 6504
829 7501
2731 2603
4498 4673
4340 3243
8556 108
3892 2973
726 1340
7485 4018
6144 699
6663 4056
1249 8679
4637 2494
7679 8826
4901 9116
8777 6019
7733 9763
9106 7836
3614 5989
636 6376
2306 5694
9466 1152
8354 8555
4099 3326
6890 4521
3468 8736
9404 3584
8955 4029
1207 2546
4126 8564
6633 320
7630 7672
5274 1348
7809 6643
6039 6058
5387 9826
1512 5400
4022 6591
5174 2800
2371 3466
8567 1403
6315 3035
9668 7090
5496 5484
4296 2152
3106 7871
7471 8271
1241 9329
6012 8138
798 4463
4069 7543
8346 6046
9357 6416
4741 2696
9409 9318
4844 6748
1475 106
9483 6505
3900 3360
265 5150
4635 363
2872 119
1578 1671
8695 8224
2949 2341
3017 1011
6615 2547
5315 4265
6348 764
1357 8407
9387 5193
5076 8205
2439 8418
2120 7021
9561 4993
6989 617
5696 8251
2251 7744
4468 8214
9715 6932
2297 9054
5109 8633
6571 6509
9141 8021
3209 7606
4833 6814
7676 622
6574 7761
9791 1277
1082 7763
572 5203
7850 8600
3989 5727
5143 9937
6893 9801
3193 1729
9388 7786
539 3558
4041 2903
5421 120
4339 2911
924 6725
2499 5506
9225 3532
4414 9909
4380 1598
9398 893
4059 3618
8203 601
9572 4485
4822 8137
3374 267
9778 9228
6770 2151
7645 9918
4565 8202
129 1406
6321 2891
115 9621
6637 9210
7597 8083
2992 4061
8719 4766
2379 987
2866 8982
3356 9189
8538 4818
8862 1550
2894 3169
6331 9319
6440 8753
5566 218
7573 2724
9369 5207
4225 9011
724 5962
2222 122
3453 9735
2704 4060
7154 6271
4180 1640
5023 9551
324 3828
3698 2556
5961 4311
9518 2470
765 9720
3068 6929
7291 8428
4513 3237
985 8983
9699 508
5678 9719
5689 8017
3695 9040
2289 612
8001 4846
4434 2094
9459 8707
4685 9027
4183 6796
1749 9863
4109 1918
2468 6518
62 178
4359 1335
3971 8696
7319 5093
329 1060
8479 3631
4168 1234
9706 4147
9794 5955
1576 3633
7984 6521
830 3938
1885 2108
522 5238
5010 9133
1119 8503
5545 206
9966 2711
6110 4664
7977 3121
2948 2617
4920 5473
8110 2325
3002 8249
7757 8827
4409 3559
3275 446
3176 2943
2024 3925
1920 2941
6695 6070
1233 7127
5786 5359
1590 5937
2019 5902
4354 8411
3882 9516
1305 9429
2865 588
3650 5565
9895 1516
6843 7001
8019 4799
3191 4576
2182 4930
9025 9382
6223 395
8887 5626
5126 6905
6052 9624
7214 5649
7899 7682
6793 3667
3174 9041
8919 4826
1549 4445
674 5129
2781 3635
6350 852
2307 2735
2323 7588
6198 6701
7550 864
1506 6449
8634 8287
247 4600
5077 2245
4703 1238
4210 4153
8794 1232
4209 3626
104 1914
3353 3167
8759 3355
5592 8750
4387 3568
4258 9070
1818 8763
5870 8261
7897 6260
7259 6490
453 5836
4918 9625
9067 3787
1427 243
6457 5014
5474 8443
4307 3302
9636 5201
4262 3067
7596 3864
8616 5753
4668 7755
4227 884
2467 250
4650 1713
5540 1504
2437 7758
4406 8973
7577 9894
6391 8222
3576 831
9892 3274
9536 340
5472 7036
2411 7444
7589 3499
1722 2313
6674 2178
6537 262
9789 6344
1846 1983
1782 4944
7877 2360
9969 8853
1980 753
59 9916
5134 4291
5452 7702
2565 9601
192 3766
6927 8870
8036 9079
3634 6084
7803 958
6897 9845
3010 7034
3692 9570
4336 35
9262 1551
4686 9929
4123 8961
5823 9947
6965 6324
7064 2759
1470 4798
2504 3807
2820 5676
1317 3606
4139 2622
1705 5905
6875 1363
3287 8598
2238 2221
9083 449
8692 5522
2905 7456
9675 6438
3866 3627
2084 7785
4633 6856
3503 2640
2573 929
2258 2590
8729 7337
5131 7985
2803 4785
3432 812
1745 8836
3329 5591
8948 5686
9089 8676
5288 626
6612 2977
3314 9708
5733 3816
89 5371
9438 9567
5386 1728
7267 3325
9661 2844
9596 4003
8576 6784
5953 5739
6049 928
3804 1520
8382 4612
4663 4121
1486 8199
2495 6563
5456 567
1930 9872
121 3790
4075 18
5155 4622
8809 625
6329 672
8690 2795
4749 785
1182 7591
8055 7263
4425 5963
9096 4527
1880 2790
1859 6106
4023 7204
2433 4357
6939 5568
7464 7122
4534 6679
5929 4038
1289 448
8141 7752
7685 5931
3255 649
3406 88
3705 1245
755 9075
1172 4152
9204 2581
6741 4438
2836 3386
6478 8731
4550 1677
7905 4312
2212 3215
4395 5462
9338 7328
6572 7560
495 9886
710 7967
169 5187
7342 8749
2563 8723
4524 5191
5811 8796
1391 4332
2302 3358
4420 6066
1380 8652
5789 2366
7787 2566
8340 1790
7020 2543
7695 8754
497 8628
1574 9520
1196 4073
3379 2936
2239 1480
6577 1922
6100 7873
5621 6801
8643 3282
2014 5848
8034 6928
4002 9145
9087 9148
9679 7425
1164 6333
430 2521
2015 965
7865 7199
6933 7976
9058 1579
5675 6964
1295 1821
7708 1389
139 6560
1908 9049
4316 5032
3470 4386
5729 2988
7651 6491
8654 3451
2773 6063
9989 9537
1669 1540
4553 9216
8384 185
7546 658
8388 3124
9804 719
7556 8915
3886 3794
7389 6847
3544 1398
376 4969
2075 5173
542 9582
4211 4157
5577 5224
3986 9327
3562 9593
2138 3242
2413 4849
5343 478
9273 5113
918 7394
21 5147
1773 316
6486 3656
1902 5892
9175 9793
4616 9879
8166 9331
3058 8073
9187 9943
8005 2723
6023 20
29 4834
6795 1294
9465 3486
2455 4182
2474 2512
8566 2659
9642 3585
5008 7819
1541 5257
7484 6850
8490 4525
1354 8572
6016 4424
5544 7442
997 4156
945 9646
7242 8587
5382 7041
2568 7840
5714 5894
6187 5432
5637 3784
4601 6724
9448 3922
3322 6236
8484 4274
6885 3012
3488 5809
8471 4101
4410 9857
4889 2919
8023 6068
7955 5724
7916 8497
1108 6923
2497 3298
8903 8139
6675 4132
6603 8087
3947 3957
2587 5516
1407 9449
6014 8588
1095 4520
3749 8227
6309 7215
6642 2099
5450 4294
9140 9157
3639 6585
9312 3247
1701 655
2561 4146
9796 1771
2065 2880
234 6859
7101 8016
4998 6589
3442 8147
2945 5535
9413 8101
2122 166
8644 5182
4898 1461
1331 9471
6109 3497
7778 9479
7178 2211
3096 8959
6924 7177
5463 1077
7196 8878
8039 7554
9351 1627
6516 7664
3677 871
8319 1720
1772 598
9297 8907
3496 5640
5639 9375
2969 6595
8094 7317
7103 7643
8557 4167
2106 3556
8007 3665
3444 8488
2623 1247
8152 6500
3331 7878
3227 5298
4276 1606
1412 6340
4494 3043
616 9392
3101 7383
8746 1378
7260 5919
7508 7297
826 5451
2198 5711
663 3228
8228 4778
2153 7520
886 5879
5984 3265
4407 2627
2414 4001
3050 165
6832 3772
6798 7892
4230 5074
3755 2967
3591 2746
7723 5424
9600 6855
6138 7489
760 8558
1634 9831
4566 4506
9632 5418
2358 7026
9290 2163
2062 394
190 2611
5866 3889
3359 9048
8498 2811
1274 8873
2027 9656
5554 2983
1942 9367
6010 5865
6278 761
3835 2471
8294 901
1636 6610
56 7497
3188 5574
938 1092
9784 6596
9764 4511
8248 744
5844 2166
7671 914
9250 3903
5546 2937
8195 8180
2978 2026
83 9738
5605 9279
3324 7602
6235 6739
1503 3150
6384 1046
1726 7030
1455 9672
1567 9447
1751 1179
3313 7468
6654 3222
853 2604
7635 1041
2624 2078
773 7363
1563 6499
9207 2868
6080 538
5505 3711
4116 2457
298 5615
7572 4510
1822 5282
2185 1501
4222 6904
8450 842
1089 1287
162 3601
3284 1747
2918 4080
5426 2155
5341 1199
3771 6892
1272 4272
1702 4983
474 1798
9324 1800
5407 8486
6758 3104
9309 9215
1679 1927
3511 9491
3377 113
8462 8583
1928 2922
4053 7304
9197 8092
8058 8474
7945 8535
9476 4590
2337 2149
2991 5420
8683 7528
8198 3438
2487 3159
8434 7360
8420 5377
5423 8377
6158 7592
8487 4853
623 1369
5863 8027
4963 6626
3977 8603
786 9694
7711 479
145 5909
5056 3292
1882 9400
3455 6946
6408 1163
3636 828
4457 1932
5964 7654
8189 5868
7226 5897
1283 9264
1624 3069
1015 4508
7201 5110
6188 9038
8324 4495
4757 9827
2418 2252
9946 2678
9468 1065
2584 3183
1923 6896
9213 401
6586 1955
5948 6718
9209 8070
9769 8851
8933 6234
194 5107
8044 6628
1668 703
4747 9030
6311 4283
1086 8095
7665 6335
5104 6763
1907 270
3881 3305
4234 461
2662 9282
3412 3241
3256 8784
5581 5350
6190 1631
7691 9571
6880 4768
4093 3291
3223 8024
6426 9676
5042 9816
1101 5817
7367 1167
1286 9921
5307 9193
9323 4335
2907 7006
6778 6781
4085 6251
5750 2715
1924 4351
8204 8433
6083 8523
8333 6588
5213 1599
5356 2000
2897 5536
5441 7855
9451 7640
5393 8313
8896 1122
2525 7644
3273 1625
9505 1766
6960 1177
3070 8358
5578 5433
9260 1434
8111 8489
9541 3704
2205 6469
911 1151
4051 63
8532 7522
7387 4573
1113 9607
2243 40
6210 4404
1350 1753
7686 9811
7944 5269
2030 2426
2269 3597
7875 9418
5220 6300
7414 8447
1653 4583
4501 179
3135 774
6205 4675
5839 8208
6055 2052
9808 4848
7822 3916
17 9542
2516 9515
2777 1949
8003 1584
4218 3590
2183 816
2845 1246
950 2511
8277 5347
8552 7146
3728 5427
307 2972
8971 7031
7186 5619
2654 3245
3460 7989
198 3943
8089 2051
7437 8250
3349 8414
6257 4021
2984 221
8988 6567
1365 4344
6273 4523
4488 6463
5320 9153
4929 2610
9033 4229
317 4540
51 4396
4083 3301
3862 783
1129 7311
716 4563
7170 9890
7799 407
751 4672
5246 4731
8093 5297
7223 4318
9349 8406
2506 2775
4967 4982
1114 7570
117 6912
9999 8832
58 4196
3300 3099
5524 4873
5513 9860
9024 2344
5988 7359
8524 8540
3721 5882
2915 7941
5723 5627
5410 5829
6670 2669
4939 3059
2395 9649
9171 9496
3782 8986
4431 9635
7851 2580
